234
67
118
149
199
184
253
249
118
207
86
15
201
228
208
1
26
236
117
16
215
132
105
147
231
88
204
64
15
122
94
117
219
248
95
99
160
100
27
3
228
13
81
15
8
97
18
3
66
61
52
182
124
76
27
177
33
212
109
91
51
149
117
2
106
54
202
162
100
68
157
48
157
98
67
79
255
231
136
210
222
234
252
206
212
102
113
109
249
190
232
65
82
83
13
166
193
74
206
91
80
64
182
21
105
93
93
196
119
236
106
184
227
191
168
171
119
165
232
75
19
37
240
45
191
95
212
54
187
113
11
132
121
171
51
195
121
125
58
143
201
121
220
41
104
55
161
9
0
64
